OriginValidation: 0.9354120267260579
RepairValidation: 0.8641425389755011
OriginValidation: 0.18617021276595744
RepairValidation: 1.0
