OriginValidation: 0.8103810381038103
RepairValidation: 0.841984198419842
OriginTrain: 0.8103810381038103
RepairTrain: 0.841984198419842
