OriginValidation: 0.15891589158915892
RepairValidation: 0.5458545854585458
OriginTrain: 0.7226722672267226
RepairTrain: 0.6991699169916992
