OriginValidation: 0.35963596359635963
RepairValidation: 0.4452445244524452
OriginTrain: 0.8103810381038103
RepairTrain: 0.7757775777577758
