OriginValidation: 0.1037103710371037
RepairValidation: 0.8976897689768977
OriginTrain: 0.9862986298629863
RepairTrain: 0.9773977397739774
