OriginValidation: 0.9633963396339634
RepairValidation: 0.9660966096609661
OriginTrain: 0.9633963396339634
RepairTrain: 0.9660966096609661
