OriginValidation: 0.28372837283728375
RepairValidation: 0.741974197419742
OriginTrain: 0.9786978697869787
RepairTrain: 0.9266926692669267
